RESOURCE_ID=1670
SECTION=0
PART=12
RESOURCE_SECTOR=130248
RESOURCE_OFFSET=0xfe64000
SECTION0_OFFSET=0x1C
PART12_OFFSET=0x3188
PART12_SIZE=10628
COMMAND_COUNT=332

CMD 0 OFFSET 0x3188 FIRST_DWORD 0x00000000 BYTES 00 00 00 00 30 11 00 00 F2 03 00 00 E8 09 FF FF 00 00 00 00 00 00 00 00 00 00 00 00 00 00 00 00
CMD 1 OFFSET 0x31a8 FIRST_DWORD 0x00020003 BYTES 03 00 02 00 00 00 00 00 00 00 00 00 00 00 00 00 00 00 00 00 00 00 00 00 00 00 00 00 00 00 00 00
CMD 2 OFFSET 0x31c8 FIRST_DWORD 0x00040022 BYTES 22 00 04 00 00 00 00 00 00 00 00 00 00 00 00 00 00 00 00 00 00 00 00 00 00 00 00 00 00 00 00 00
CMD 3 OFFSET 0x31e8 FIRST_DWORD 0x00500019 BYTES 19 00 50 00 00 00 FA 00 00 00 00 00 00 00 00 00 00 00 00 00 00 00 00 00 00 00 00 00 00 00 00 00
CMD 4 OFFSET 0x3208 FIRST_DWORD 0x00000042 BYTES 42 00 00 00 28 00 00 00 00 00 00 00 00 00 00 00 00 00 00 00 00 00 00 00 00 00 00 00 00 00 00 00
CMD 5 OFFSET 0x3228 FIRST_DWORD 0x00000027 BYTES 27 00 00 00 18 00 02 00 CE 00 85 FA B4 00 16 00 54 00 00 00 01 00 00 00 00 00 00 00 00 00 00 00
CMD 6 OFFSET 0x3248 FIRST_DWORD 0x0000002e BYTES 2E 00 00 00 18 00 07 00 00 00 02 00 00 00 00 00 00 00 00 00 00 00 00 00 00 00 00 00 00 00 00 00
CMD 7 OFFSET 0x3268 FIRST_DWORD 0x0000002f BYTES 2F 00 00 00 5A 00 64 00 00 00 00 00 00 00 00 00 00 00 00 00 00 00 00 00 00 00 00 00 00 00 00 00
CMD 8 OFFSET 0x3288 FIRST_DWORD 0x00040044 BYTES 44 00 04 00 01 00 18 00 00 00 00 00 00 00 00 00 00 00 00 00 00 00 00 00 00 00 00 00 00 00 00 00
CMD 9 OFFSET 0x32a8 FIRST_DWORD 0x00010027 BYTES 27 00 01 00 07 00 DA 00 D5 00 7B F9 B4 00 07 00 54 00 08 00 01 00 00 00 00 00 00 00 00 00 00 00
CMD 10 OFFSET 0x32c8 FIRST_DWORD 0x0001002e BYTES 2E 00 01 00 18 00 07 00 08 00 03 00 00 00 00 00 00 00 00 00 00 00 00 00 00 00 00 00 00 00 00 00
CMD 11 OFFSET 0x32e8 FIRST_DWORD 0x0001002f BYTES 2F 00 01 00 5A 00 64 00 00 00 00 00 00 00 00 00 00 00 00 00 00 00 00 00 00 00 00 00 00 00 00 00
CMD 12 OFFSET 0x3308 FIRST_DWORD 0x0005004d BYTES 4D 00 05 00 00 00 00 00 00 00 00 00 00 00 00 00 00 00 00 00 00 00 00 00 00 00 00 00 00 00 00 00
CMD 13 OFFSET 0x3328 FIRST_DWORD 0x00010029 BYTES 29 00 01 00 DA 00 D5 00 7B F9 B4 00 00 00 00 00 00 00 00 00 00 00 00 00 00 00 00 00 00 00 00 00
CMD 14 OFFSET 0x3348 FIRST_DWORD 0x0001002b BYTES 2B 00 01 00 10 00 54 00 08 00 01 00 00 00 00 00 00 00 00 00 00 00 00 00 00 00 00 00 00 00 00 00
CMD 15 OFFSET 0x3368 FIRST_DWORD 0x0001002e BYTES 2E 00 01 00 18 00 07 00 08 00 0A 00 00 00 00 00 00 00 00 00 00 00 00 00 00 00 00 00 00 00 00 00
CMD 16 OFFSET 0x3388 FIRST_DWORD 0x0001002f BYTES 2F 00 01 00 5A 00 64 00 00 00 00 00 00 00 00 00 00 00 00 00 00 00 00 00 00 00 00 00 00 00 00 00
CMD 17 OFFSET 0x33a8 FIRST_DWORD 0x0000004e BYTES 4E 00 00 00 00 00 00 00 00 00 00 00 00 00 00 00 00 00 00 00 00 00 00 00 00 00 00 00 00 00 00 00
CMD 18 OFFSET 0x33c8 FIRST_DWORD 0x00020027 BYTES 27 00 02 00 11 01 B1 00 00 00 3E FC B4 00 10 00 54 00 00 00 01 00 00 00 00 00 00 00 00 00 00 00
CMD 19 OFFSET 0x33e8 FIRST_DWORD 0x0002002e BYTES 2E 00 02 00 18 00 07 00 00 00 00 00 00 00 00 00 00 00 00 00 00 00 00 00 00 00 00 00 00 00 00 00
CMD 20 OFFSET 0x3408 FIRST_DWORD 0x0002002f BYTES 2F 00 02 00 5A 00 64 00 00 00 00 00 00 00 00 00 00 00 00 00 00 00 00 00 00 00 00 00 00 00 00 00
CMD 21 OFFSET 0x3428 FIRST_DWORD 0x00030027 BYTES 27 00 03 00 14 01 C4 FF 00 00 3E FE B4 00 14 00 54 00 05 00 01 00 00 00 00 00 00 00 00 00 00 00
CMD 22 OFFSET 0x3448 FIRST_DWORD 0x0003002e BYTES 2E 00 03 00 18 00 07 00 05 00 01 00 00 00 00 00 00 00 00 00 00 00 00 00 00 00 00 00 00 00 00 00
CMD 23 OFFSET 0x3468 FIRST_DWORD 0x0003002f BYTES 2F 00 03 00 5A 00 64 00 00 00 00 00 00 00 00 00 00 00 00 00 00 00 00 00 00 00 00 00 00 00 00 00
CMD 24 OFFSET 0x3488 FIRST_DWORD 0x00040027 BYTES 27 00 04 00 11 01 92 01 00 00 EA FD B4 00 11 00 54 00 08 00 01 00 00 00 00 00 00 00 00 00 00 00
CMD 25 OFFSET 0x34a8 FIRST_DWORD 0x0004002e BYTES 2E 00 04 00 18 00 07 00 08 00 01 00 00 00 00 00 00 00 00 00 00 00 00 00 00 00 00 00 00 00 00 00
CMD 26 OFFSET 0x34c8 FIRST_DWORD 0x0004002f BYTES 2F 00 04 00 5A 00 64 00 00 00 00 00 00 00 00 00 00 00 00 00 00 00 00 00 00 00 00 00 00 00 00 00
CMD 27 OFFSET 0x34e8 FIRST_DWORD 0x00050027 BYTES 27 00 05 00 11 01 3A 01 00 00 B6 FF B4 00 10 00 54 00 06 00 01 00 00 00 00 00 00 00 00 00 00 00
CMD 28 OFFSET 0x3508 FIRST_DWORD 0x0005002e BYTES 2E 00 05 00 18 00 07 00 06 00 00 00 00 00 00 00 00 00 00 00 00 00 00 00 00 00 00 00 00 00 00 00
CMD 29 OFFSET 0x3528 FIRST_DWORD 0x0005002f BYTES 2F 00 05 00 5A 00 64 00 00 00 00 00 00 00 00 00 00 00 00 00 00 00 00 00 00 00 00 00 00 00 00 00
CMD 30 OFFSET 0x3548 FIRST_DWORD 0x00060027 BYTES 27 00 06 00 14 01 27 00 00 00 14 01 B4 00 14 00 54 00 0A 00 01 00 00 00 00 00 00 00 00 00 00 00
CMD 31 OFFSET 0x3568 FIRST_DWORD 0x0006002e BYTES 2E 00 06 00 18 00 07 00 0A 00 01 00 00 00 00 00 00 00 00 00 00 00 00 00 00 00 00 00 00 00 00 00
CMD 32 OFFSET 0x3588 FIRST_DWORD 0x0006002f BYTES 2F 00 06 00 5A 00 64 00 00 00 00 00 00 00 00 00 00 00 00 00 00 00 00 00 00 00 00 00 00 00 00 00
CMD 33 OFFSET 0x35a8 FIRST_DWORD 0x00070027 BYTES 27 00 07 00 11 01 A8 01 00 00 6D 02 B4 00 12 00 54 00 08 00 01 00 00 00 00 00 00 00 00 00 00 00
CMD 34 OFFSET 0x35c8 FIRST_DWORD 0x0007002e BYTES 2E 00 07 00 18 00 07 00 08 00 01 00 00 00 00 00 00 00 00 00 00 00 00 00 00 00 00 00 00 00 00 00
CMD 35 OFFSET 0x35e8 FIRST_DWORD 0x0007002f BYTES 2F 00 07 00 5A 00 64 00 00 00 00 00 00 00 00 00 00 00 00 00 00 00 00 00 00 00 00 00 00 00 00 00
CMD 36 OFFSET 0x3608 FIRST_DWORD 0x00080027 BYTES 27 00 08 00 11 01 84 00 00 00 BF 03 B4 00 11 00 54 00 0F 00 01 00 00 00 00 00 00 00 00 00 00 00
CMD 37 OFFSET 0x3628 FIRST_DWORD 0x0008002e BYTES 2E 00 08 00 18 00 07 00 0F 00 00 00 00 00 00 00 00 00 00 00 00 00 00 00 00 00 00 00 00 00 00 00
CMD 38 OFFSET 0x3648 FIRST_DWORD 0x0008002f BYTES 2F 00 08 00 5A 00 64 00 00 00 00 00 00 00 00 00 00 00 00 00 00 00 00 00 00 00 00 00 00 00 00 00
CMD 39 OFFSET 0x3668 FIRST_DWORD 0x00090027 BYTES 27 00 09 00 14 01 EC 01 00 00 2F 05 B4 00 15 00 54 00 0C 00 01 00 00 00 00 00 00 00 00 00 00 00
CMD 40 OFFSET 0x3688 FIRST_DWORD 0x0009002e BYTES 2E 00 09 00 18 00 07 00 0C 00 01 00 00 00 00 00 00 00 00 00 00 00 00 00 00 00 00 00 00 00 00 00
CMD 41 OFFSET 0x36a8 FIRST_DWORD 0x0009002f BYTES 2F 00 09 00 5A 00 64 00 00 00 00 00 00 00 00 00 00 00 00 00 00 00 00 00 00 00 00 00 00 00 00 00
CMD 42 OFFSET 0x36c8 FIRST_DWORD 0x000a0027 BYTES 27 00 0A 00 11 01 19 00 00 00 3A 06 B4 00 12 00 54 00 15 00 01 00 00 00 00 00 00 00 00 00 00 00
CMD 43 OFFSET 0x36e8 FIRST_DWORD 0x000a002e BYTES 2E 00 0A 00 18 00 07 00 15 00 01 00 00 00 00 00 00 00 00 00 00 00 00 00 00 00 00 00 00 00 00 00
CMD 44 OFFSET 0x3708 FIRST_DWORD 0x000a002f BYTES 2F 00 0A 00 5A 00 64 00 00 00 00 00 00 00 00 00 00 00 00 00 00 00 00 00 00 00 00 00 00 00 00 00
CMD 45 OFFSET 0x3728 FIRST_DWORD 0x0001003c BYTES 3C 00 01 00 1A 00 32 00 28 00 00 00 00 00 00 00 00 00 00 00 00 00 00 00 00 00 00 00 00 00 00 00
CMD 46 OFFSET 0x3748 FIRST_DWORD 0x00fa004f BYTES 4F 00 FA 00 00 00 00 00 00 00 00 00 00 00 00 00 00 00 00 00 00 00 00 00 00 00 00 00 00 00 00 00
CMD 47 OFFSET 0x3768 FIRST_DWORD 0x00500019 BYTES 19 00 50 00 00 00 FA 00 00 00 00 00 00 00 00 00 00 00 00 00 00 00 00 00 00 00 00 00 00 00 00 00
CMD 48 OFFSET 0x3788 FIRST_DWORD 0x012c004f BYTES 4F 00 2C 01 00 00 00 00 00 00 00 00 00 00 00 00 00 00 00 00 00 00 00 00 00 00 00 00 00 00 00 00
CMD 49 OFFSET 0x37a8 FIRST_DWORD 0x00ff0019 BYTES 19 00 FF 00 01 00 05 00 00 00 00 00 00 00 00 00 00 00 00 00 00 00 00 00 00 00 00 00 00 00 00 00
CMD 50 OFFSET 0x37c8 FIRST_DWORD 0x012d004f BYTES 4F 00 2D 01 00 00 00 00 00 00 00 00 00 00 00 00 00 00 00 00 00 00 00 00 00 00 00 00 00 00 00 00
CMD 51 OFFSET 0x37e8 FIRST_DWORD 0x00000000 BYTES 00 00 00 00 EC 13 00 00 F2 03 00 00 E8 09 FF FF 00 00 00 00 00 00 00 00 00 00 00 00 00 00 00 00
CMD 52 OFFSET 0x3808 FIRST_DWORD 0x00040022 BYTES 22 00 04 00 00 00 00 00 00 00 00 00 00 00 00 00 00 00 00 00 00 00 00 00 00 00 00 00 00 00 00 00
CMD 53 OFFSET 0x3828 FIRST_DWORD 0x00000033 BYTES 33 00 00 00 00 00 00 00 00 00 00 00 00 00 00 00 00 00 00 00 00 00 00 00 00 00 00 00 00 00 00 00
CMD 54 OFFSET 0x3848 FIRST_DWORD 0x00000027 BYTES 27 00 00 00 18 00 2E 12 CE 00 0F 0C 00 00 27 00 12 00 00 00 00 00 00 00 00 00 00 00 00 00 00 00
CMD 55 OFFSET 0x3868 FIRST_DWORD 0x0000002e BYTES 2E 00 00 00 27 00 14 00 00 00 02 00 00 00 00 00 00 00 00 00 00 00 00 00 00 00 00 00 00 00 00 00
CMD 56 OFFSET 0x3888 FIRST_DWORD 0x00010033 BYTES 33 00 01 00 00 00 00 00 00 00 00 00 00 00 00 00 00 00 00 00 00 00 00 00 00 00 00 00 00 00 00 00
CMD 57 OFFSET 0x38a8 FIRST_DWORD 0x00030044 BYTES 44 00 03 00 01 00 18 00 00 00 00 00 00 00 00 00 00 00 00 00 00 00 00 00 00 00 00 00 00 00 00 00
CMD 58 OFFSET 0x38c8 FIRST_DWORD 0x00010027 BYTES 27 00 01 00 07 00 0B 13 D5 00 3C 0C 00 00 27 00 11 00 08 00 01 00 00 00 00 00 00 00 00 00 00 00
CMD 59 OFFSET 0x38e8 FIRST_DWORD 0x0001002e BYTES 2E 00 01 00 27 00 13 00 00 00 03 00 00 00 00 00 00 00 00 00 00 00 00 00 00 00 00 00 00 00 00 00
CMD 60 OFFSET 0x3908 FIRST_DWORD 0x0004004d BYTES 4D 00 04 00 00 00 00 00 00 00 00 00 00 00 00 00 00 00 00 00 00 00 00 00 00 00 00 00 00 00 00 00
CMD 61 OFFSET 0x3928 FIRST_DWORD 0x00010029 BYTES 29 00 01 00 0B 13 D5 00 3C 0C 00 00 00 00 00 00 00 00 00 00 00 00 00 00 00 00 00 00 00 00 00 00
CMD 62 OFFSET 0x3948 FIRST_DWORD 0x0001002b BYTES 2B 00 01 00 27 00 11 00 00 00 00 00 00 00 00 00 00 00 00 00 00 00 00 00 00 00 00 00 00 00 00 00
CMD 63 OFFSET 0x3968 FIRST_DWORD 0x0001002e BYTES 2E 00 01 00 27 00 13 00 00 00 0A 00 00 00 00 00 00 00 00 00 00 00 00 00 00 00 00 00 00 00 00 00
CMD 64 OFFSET 0x3988 FIRST_DWORD 0x0000004e BYTES 4E 00 00 00 00 00 00 00 00 00 00 00 00 00 00 00 00 00 00 00 00 00 00 00 00 00 00 00 00 00 00 00
CMD 65 OFFSET 0x39a8 FIRST_DWORD 0x00020033 BYTES 33 00 02 00 00 00 00 00 00 00 00 00 00 00 00 00 00 00 00 00 00 00 00 00 00 00 00 00 00 00 00 00
CMD 66 OFFSET 0x39c8 FIRST_DWORD 0x00020027 BYTES 27 00 02 00 11 01 B5 12 00 00 37 0E B4 00 10 00 54 00 00 00 01 00 00 00 00 00 00 00 00 00 00 00
CMD 67 OFFSET 0x39e8 FIRST_DWORD 0x0002002e BYTES 2E 00 02 00 18 00 07 00 00 00 00 00 00 00 00 00 00 00 00 00 00 00 00 00 00 00 00 00 00 00 00 00
CMD 68 OFFSET 0x3a08 FIRST_DWORD 0x0002002f BYTES 2F 00 02 00 32 00 64 00 00 00 00 00 00 00 00 00 00 00 00 00 00 00 00 00 00 00 00 00 00 00 00 00
CMD 69 OFFSET 0x3a28 FIRST_DWORD 0x00030033 BYTES 33 00 03 00 00 00 00 00 00 00 00 00 00 00 00 00 00 00 00 00 00 00 00 00 00 00 00 00 00 00 00 00
CMD 70 OFFSET 0x3a48 FIRST_DWORD 0x00030027 BYTES 27 00 03 00 14 01 CC 11 00 00 38 10 B4 00 14 00 54 00 05 00 01 00 00 00 00 00 00 00 00 00 00 00
CMD 71 OFFSET 0x3a68 FIRST_DWORD 0x0003002e BYTES 2E 00 03 00 18 00 07 00 05 00 01 00 00 00 00 00 00 00 00 00 00 00 00 00 00 00 00 00 00 00 00 00
CMD 72 OFFSET 0x3a88 FIRST_DWORD 0x0003002f BYTES 2F 00 03 00 32 00 64 00 00 00 00 00 00 00 00 00 00 00 00 00 00 00 00 00 00 00 00 00 00 00 00 00
CMD 73 OFFSET 0x3aa8 FIRST_DWORD 0x00040033 BYTES 33 00 04 00 00 00 00 00 00 00 00 00 00 00 00 00 00 00 00 00 00 00 00 00 00 00 00 00 00 00 00 00
CMD 74 OFFSET 0x3ac8 FIRST_DWORD 0x00040027 BYTES 27 00 04 00 11 01 9A 13 00 00 E3 0F B4 00 11 00 54 00 08 00 01 00 00 00 00 00 00 00 00 00 00 00
CMD 75 OFFSET 0x3ae8 FIRST_DWORD 0x0004002e BYTES 2E 00 04 00 18 00 07 00 08 00 01 00 00 00 00 00 00 00 00 00 00 00 00 00 00 00 00 00 00 00 00 00
CMD 76 OFFSET 0x3b08 FIRST_DWORD 0x0004002f BYTES 2F 00 04 00 32 00 64 00 00 00 00 00 00 00 00 00 00 00 00 00 00 00 00 00 00 00 00 00 00 00 00 00
CMD 77 OFFSET 0x3b28 FIRST_DWORD 0x00050033 BYTES 33 00 05 00 00 00 00 00 00 00 00 00 00 00 00 00 00 00 00 00 00 00 00 00 00 00 00 00 00 00 00 00
CMD 78 OFFSET 0x3b48 FIRST_DWORD 0x00050027 BYTES 27 00 05 00 11 01 42 13 00 00 AF 11 B4 00 10 00 54 00 06 00 01 00 00 00 00 00 00 00 00 00 00 00
CMD 79 OFFSET 0x3b68 FIRST_DWORD 0x0005002e BYTES 2E 00 05 00 18 00 07 00 06 00 00 00 00 00 00 00 00 00 00 00 00 00 00 00 00 00 00 00 00 00 00 00
CMD 80 OFFSET 0x3b88 FIRST_DWORD 0x0005002f BYTES 2F 00 05 00 32 00 64 00 00 00 00 00 00 00 00 00 00 00 00 00 00 00 00 00 00 00 00 00 00 00 00 00
CMD 81 OFFSET 0x3ba8 FIRST_DWORD 0x00060033 BYTES 33 00 06 00 00 00 00 00 00 00 00 00 00 00 00 00 00 00 00 00 00 00 00 00 00 00 00 00 00 00 00 00
CMD 82 OFFSET 0x3bc8 FIRST_DWORD 0x00060027 BYTES 27 00 06 00 14 01 2F 12 00 00 0E 13 B4 00 14 00 54 00 0A 00 01 00 00 00 00 00 00 00 00 00 00 00
CMD 83 OFFSET 0x3be8 FIRST_DWORD 0x0006002e BYTES 2E 00 06 00 18 00 07 00 0A 00 01 00 00 00 00 00 00 00 00 00 00 00 00 00 00 00 00 00 00 00 00 00
CMD 84 OFFSET 0x3c08 FIRST_DWORD 0x0006002f BYTES 2F 00 06 00 32 00 64 00 00 00 00 00 00 00 00 00 00 00 00 00 00 00 00 00 00 00 00 00 00 00 00 00
CMD 85 OFFSET 0x3c28 FIRST_DWORD 0x00070033 BYTES 33 00 07 00 00 00 00 00 00 00 00 00 00 00 00 00 00 00 00 00 00 00 00 00 00 00 00 00 00 00 00 00
CMD 86 OFFSET 0x3c48 FIRST_DWORD 0x00070027 BYTES 27 00 07 00 11 01 B0 13 00 00 67 14 B4 00 12 00 54 00 08 00 01 00 00 00 00 00 00 00 00 00 00 00
CMD 87 OFFSET 0x3c68 FIRST_DWORD 0x0007002e BYTES 2E 00 07 00 18 00 07 00 08 00 01 00 00 00 00 00 00 00 00 00 00 00 00 00 00 00 00 00 00 00 00 00
CMD 88 OFFSET 0x3c88 FIRST_DWORD 0x0007002f BYTES 2F 00 07 00 32 00 64 00 00 00 00 00 00 00 00 00 00 00 00 00 00 00 00 00 00 00 00 00 00 00 00 00
CMD 89 OFFSET 0x3ca8 FIRST_DWORD 0x00080033 BYTES 33 00 08 00 00 00 00 00 00 00 00 00 00 00 00 00 00 00 00 00 00 00 00 00 00 00 00 00 00 00 00 00
CMD 90 OFFSET 0x3cc8 FIRST_DWORD 0x00080027 BYTES 27 00 08 00 11 01 8C 12 00 00 B9 15 B4 00 11 00 54 00 0F 00 01 00 00 00 00 00 00 00 00 00 00 00
CMD 91 OFFSET 0x3ce8 FIRST_DWORD 0x0008002e BYTES 2E 00 08 00 18 00 07 00 0F 00 00 00 00 00 00 00 00 00 00 00 00 00 00 00 00 00 00 00 00 00 00 00
CMD 92 OFFSET 0x3d08 FIRST_DWORD 0x0008002f BYTES 2F 00 08 00 32 00 64 00 00 00 00 00 00 00 00 00 00 00 00 00 00 00 00 00 00 00 00 00 00 00 00 00
CMD 93 OFFSET 0x3d28 FIRST_DWORD 0x00090033 BYTES 33 00 09 00 00 00 00 00 00 00 00 00 00 00 00 00 00 00 00 00 00 00 00 00 00 00 00 00 00 00 00 00
CMD 94 OFFSET 0x3d48 FIRST_DWORD 0x00090027 BYTES 27 00 09 00 14 01 F4 13 00 00 29 17 B4 00 15 00 54 00 0C 00 01 00 00 00 00 00 00 00 00 00 00 00
CMD 95 OFFSET 0x3d68 FIRST_DWORD 0x0009002e BYTES 2E 00 09 00 18 00 07 00 0C 00 01 00 00 00 00 00 00 00 00 00 00 00 00 00 00 00 00 00 00 00 00 00
CMD 96 OFFSET 0x3d88 FIRST_DWORD 0x0009002f BYTES 2F 00 09 00 32 00 64 00 00 00 00 00 00 00 00 00 00 00 00 00 00 00 00 00 00 00 00 00 00 00 00 00
CMD 97 OFFSET 0x3da8 FIRST_DWORD 0x000a0033 BYTES 33 00 0A 00 00 00 00 00 00 00 00 00 00 00 00 00 00 00 00 00 00 00 00 00 00 00 00 00 00 00 00 00
CMD 98 OFFSET 0x3dc8 FIRST_DWORD 0x000a0027 BYTES 27 00 0A 00 11 01 21 12 00 00 34 18 B4 00 12 00 54 00 15 00 01 00 00 00 00 00 00 00 00 00 00 00
CMD 99 OFFSET 0x3de8 FIRST_DWORD 0x000a002e BYTES 2E 00 0A 00 18 00 07 00 15 00 01 00 00 00 00 00 00 00 00 00 00 00 00 00 00 00 00 00 00 00 00 00
CMD 100 OFFSET 0x3e08 FIRST_DWORD 0x000a002f BYTES 2F 00 0A 00 32 00 64 00 00 00 00 00 00 00 00 00 00 00 00 00 00 00 00 00 00 00 00 00 00 00 00 00
CMD 101 OFFSET 0x3e28 FIRST_DWORD 0x0140004f BYTES 4F 00 40 01 00 00 00 00 00 00 00 00 00 00 00 00 00 00 00 00 00 00 00 00 00 00 00 00 00 00 00 00
CMD 102 OFFSET 0x3e48 FIRST_DWORD 0x00ff0019 BYTES 19 00 FF 00 01 00 05 00 00 00 00 00 00 00 00 00 00 00 00 00 00 00 00 00 00 00 00 00 00 00 00 00
CMD 103 OFFSET 0x3e68 FIRST_DWORD 0x0154004f BYTES 4F 00 54 01 00 00 00 00 00 00 00 00 00 00 00 00 00 00 00 00 00 00 00 00 00 00 00 00 00 00 00 00
CMD 104 OFFSET 0x3e88 FIRST_DWORD 0x00ff0019 BYTES 19 00 FF 00 01 00 05 00 00 00 00 00 00 00 00 00 00 00 00 00 00 00 00 00 00 00 00 00 00 00 00 00
CMD 105 OFFSET 0x3ea8 FIRST_DWORD 0x0168004f BYTES 4F 00 68 01 00 00 00 00 00 00 00 00 00 00 00 00 00 00 00 00 00 00 00 00 00 00 00 00 00 00 00 00
CMD 106 OFFSET 0x3ec8 FIRST_DWORD 0x00ff0019 BYTES 19 00 FF 00 01 00 05 00 00 00 00 00 00 00 00 00 00 00 00 00 00 00 00 00 00 00 00 00 00 00 00 00
CMD 107 OFFSET 0x3ee8 FIRST_DWORD 0x016e004f BYTES 4F 00 6E 01 00 00 00 00 00 00 00 00 00 00 00 00 00 00 00 00 00 00 00 00 00 00 00 00 00 00 00 00
CMD 108 OFFSET 0x3f08 FIRST_DWORD 0x00490011 BYTES 11 00 49 00 00 00 00 00 00 00 00 00 00 00 00 00 00 00 00 00 00 00 00 00 00 00 00 00 00 00 00 00
CMD 109 OFFSET 0x3f28 FIRST_DWORD 0x017c004f BYTES 4F 00 7C 01 00 00 00 00 00 00 00 00 00 00 00 00 00 00 00 00 00 00 00 00 00 00 00 00 00 00 00 00
CMD 110 OFFSET 0x3f48 FIRST_DWORD 0x00ff0019 BYTES 19 00 FF 00 01 00 05 00 00 00 00 00 00 00 00 00 00 00 00 00 00 00 00 00 00 00 00 00 00 00 00 00
CMD 111 OFFSET 0x3f68 FIRST_DWORD 0x0190004f BYTES 4F 00 90 01 00 00 00 00 00 00 00 00 00 00 00 00 00 00 00 00 00 00 00 00 00 00 00 00 00 00 00 00
CMD 112 OFFSET 0x3f88 FIRST_DWORD 0x00ff0019 BYTES 19 00 FF 00 01 00 05 00 00 00 00 00 00 00 00 00 00 00 00 00 00 00 00 00 00 00 00 00 00 00 00 00
CMD 113 OFFSET 0x3fa8 FIRST_DWORD 0x01a4004f BYTES 4F 00 A4 01 00 00 00 00 00 00 00 00 00 00 00 00 00 00 00 00 00 00 00 00 00 00 00 00 00 00 00 00
CMD 114 OFFSET 0x3fc8 FIRST_DWORD 0x00ff0019 BYTES 19 00 FF 00 01 00 05 00 00 00 00 00 00 00 00 00 00 00 00 00 00 00 00 00 00 00 00 00 00 00 00 00
CMD 115 OFFSET 0x3fe8 FIRST_DWORD 0x01b8004f BYTES 4F 00 B8 01 00 00 00 00 00 00 00 00 00 00 00 00 00 00 00 00 00 00 00 00 00 00 00 00 00 00 00 00
CMD 116 OFFSET 0x4008 FIRST_DWORD 0x00ff0019 BYTES 19 00 FF 00 01 00 05 00 00 00 00 00 00 00 00 00 00 00 00 00 00 00 00 00 00 00 00 00 00 00 00 00
CMD 117 OFFSET 0x4028 FIRST_DWORD 0x01cc004f BYTES 4F 00 CC 01 00 00 00 00 00 00 00 00 00 00 00 00 00 00 00 00 00 00 00 00 00 00 00 00 00 00 00 00
CMD 118 OFFSET 0x4048 FIRST_DWORD 0x00ff0019 BYTES 19 00 FF 00 01 00 05 00 00 00 00 00 00 00 00 00 00 00 00 00 00 00 00 00 00 00 00 00 00 00 00 00
CMD 119 OFFSET 0x4068 FIRST_DWORD 0x01e0004f BYTES 4F 00 E0 01 00 00 00 00 00 00 00 00 00 00 00 00 00 00 00 00 00 00 00 00 00 00 00 00 00 00 00 00
CMD 120 OFFSET 0x4088 FIRST_DWORD 0x00ff0019 BYTES 19 00 FF 00 01 00 05 00 00 00 00 00 00 00 00 00 00 00 00 00 00 00 00 00 00 00 00 00 00 00 00 00
CMD 121 OFFSET 0x40a8 FIRST_DWORD 0x01f4004f BYTES 4F 00 F4 01 00 00 00 00 00 00 00 00 00 00 00 00 00 00 00 00 00 00 00 00 00 00 00 00 00 00 00 00
CMD 122 OFFSET 0x40c8 FIRST_DWORD 0x00500019 BYTES 19 00 50 00 00 00 FA 00 00 00 00 00 00 00 00 00 00 00 00 00 00 00 00 00 00 00 00 00 00 00 00 00
CMD 123 OFFSET 0x40e8 FIRST_DWORD 0x00ff0019 BYTES 19 00 FF 00 01 00 05 00 00 00 00 00 00 00 00 00 00 00 00 00 00 00 00 00 00 00 00 00 00 00 00 00
CMD 124 OFFSET 0x4108 FIRST_DWORD 0x00000015 BYTES 15 00 00 00 00 00 00 00 00 00 00 00 00 00 00 00 00 00 00 00 00 00 00 00 00 00 00 00 00 00 00 00
CMD 125 OFFSET 0x4128 FIRST_DWORD 0x0208004f BYTES 4F 00 08 02 00 00 00 00 00 00 00 00 00 00 00 00 00 00 00 00 00 00 00 00 00 00 00 00 00 00 00 00
CMD 126 OFFSET 0x4148 FIRST_DWORD 0x00ff0019 BYTES 19 00 FF 00 01 00 05 00 00 00 00 00 00 00 00 00 00 00 00 00 00 00 00 00 00 00 00 00 00 00 00 00
CMD 127 OFFSET 0x4168 FIRST_DWORD 0x0218004f BYTES 4F 00 18 02 00 00 00 00 00 00 00 00 00 00 00 00 00 00 00 00 00 00 00 00 00 00 00 00 00 00 00 00
CMD 128 OFFSET 0x4188 FIRST_DWORD 0x00020044 BYTES 44 00 02 00 05 00 0B 00 1C 00 1F 00 26 00 1B 00 00 00 00 00 00 00 00 00 00 00 00 00 00 00 00 00
CMD 129 OFFSET 0x41a8 FIRST_DWORD 0x00000013 BYTES 13 00 00 00 01 00 00 00 00 00 00 00 00 00 00 00 00 00 00 00 00 00 00 00 00 00 00 00 00 00 00 00
CMD 130 OFFSET 0x41c8 FIRST_DWORD 0x0001004d BYTES 4D 00 01 00 00 00 00 00 00 00 00 00 00 00 00 00 00 00 00 00 00 00 00 00 00 00 00 00 00 00 00 00
CMD 131 OFFSET 0x41e8 FIRST_DWORD 0x0000004e BYTES 4E 00 00 00 00 00 00 00 00 00 00 00 00 00 00 00 00 00 00 00 00 00 00 00 00 00 00 00 00 00 00 00
CMD 132 OFFSET 0x4208 FIRST_DWORD 0x021c004f BYTES 4F 00 1C 02 00 00 00 00 00 00 00 00 00 00 00 00 00 00 00 00 00 00 00 00 00 00 00 00 00 00 00 00
CMD 133 OFFSET 0x4228 FIRST_DWORD 0x00ff0019 BYTES 19 00 FF 00 01 00 05 00 00 00 00 00 00 00 00 00 00 00 00 00 00 00 00 00 00 00 00 00 00 00 00 00
CMD 134 OFFSET 0x4248 FIRST_DWORD 0x0230004f BYTES 4F 00 30 02 00 00 00 00 00 00 00 00 00 00 00 00 00 00 00 00 00 00 00 00 00 00 00 00 00 00 00 00
CMD 135 OFFSET 0x4268 FIRST_DWORD 0x00ff0019 BYTES 19 00 FF 00 01 00 05 00 00 00 00 00 00 00 00 00 00 00 00 00 00 00 00 00 00 00 00 00 00 00 00 00
CMD 136 OFFSET 0x4288 FIRST_DWORD 0x0244004f BYTES 4F 00 44 02 00 00 00 00 00 00 00 00 00 00 00 00 00 00 00 00 00 00 00 00 00 00 00 00 00 00 00 00
CMD 137 OFFSET 0x42a8 FIRST_DWORD 0x00ff0019 BYTES 19 00 FF 00 01 00 05 00 00 00 00 00 00 00 00 00 00 00 00 00 00 00 00 00 00 00 00 00 00 00 00 00
CMD 138 OFFSET 0x42c8 FIRST_DWORD 0x0254004f BYTES 4F 00 54 02 00 00 00 00 00 00 00 00 00 00 00 00 00 00 00 00 00 00 00 00 00 00 00 00 00 00 00 00
CMD 139 OFFSET 0x42e8 FIRST_DWORD 0x00020044 BYTES 44 00 02 00 08 00 02 00 03 00 05 00 06 00 08 00 09 00 0C 00 0F 00 00 00 00 00 00 00 00 00 00 00
CMD 140 OFFSET 0x4308 FIRST_DWORD 0x00000013 BYTES 13 00 00 00 01 00 00 00 00 00 00 00 00 00 00 00 00 00 00 00 00 00 00 00 00 00 00 00 00 00 00 00
CMD 141 OFFSET 0x4328 FIRST_DWORD 0x0005004d BYTES 4D 00 05 00 00 00 00 00 00 00 00 00 00 00 00 00 00 00 00 00 00 00 00 00 00 00 00 00 00 00 00 00
CMD 142 OFFSET 0x4348 FIRST_DWORD 0x00020044 BYTES 44 00 02 00 05 00 12 00 14 00 17 00 1A 00 22 00 00 00 00 00 00 00 00 00 00 00 00 00 00 00 00 00
CMD 143 OFFSET 0x4368 FIRST_DWORD 0x00000013 BYTES 13 00 00 00 01 00 00 00 00 00 00 00 00 00 00 00 00 00 00 00 00 00 00 00 00 00 00 00 00 00 00 00
CMD 144 OFFSET 0x4388 FIRST_DWORD 0x0001004d BYTES 4D 00 01 00 00 00 00 00 00 00 00 00 00 00 00 00 00 00 00 00 00 00 00 00 00 00 00 00 00 00 00 00
CMD 145 OFFSET 0x43a8 FIRST_DWORD 0x0000004e BYTES 4E 00 00 00 00 00 00 00 00 00 00 00 00 00 00 00 00 00 00 00 00 00 00 00 00 00 00 00 00 00 00 00
CMD 146 OFFSET 0x43c8 FIRST_DWORD 0x0000004e BYTES 4E 00 00 00 00 00 00 00 00 00 00 00 00 00 00 00 00 00 00 00 00 00 00 00 00 00 00 00 00 00 00 00
CMD 147 OFFSET 0x43e8 FIRST_DWORD 0x0258004f BYTES 4F 00 58 02 00 00 00 00 00 00 00 00 00 00 00 00 00 00 00 00 00 00 00 00 00 00 00 00 00 00 00 00
CMD 148 OFFSET 0x4408 FIRST_DWORD 0x00ff0019 BYTES 19 00 FF 00 01 00 05 00 00 00 00 00 00 00 00 00 00 00 00 00 00 00 00 00 00 00 00 00 00 00 00 00
CMD 149 OFFSET 0x4428 FIRST_DWORD 0x026c004f BYTES 4F 00 6C 02 00 00 00 00 00 00 00 00 00 00 00 00 00 00 00 00 00 00 00 00 00 00 00 00 00 00 00 00
CMD 150 OFFSET 0x4448 FIRST_DWORD 0x00ff0019 BYTES 19 00 FF 00 01 00 05 00 00 00 00 00 00 00 00 00 00 00 00 00 00 00 00 00 00 00 00 00 00 00 00 00
CMD 151 OFFSET 0x4468 FIRST_DWORD 0x0272004f BYTES 4F 00 72 02 00 00 00 00 00 00 00 00 00 00 00 00 00 00 00 00 00 00 00 00 00 00 00 00 00 00 00 00
CMD 152 OFFSET 0x4488 FIRST_DWORD 0x00020044 BYTES 44 00 02 00 08 00 01 00 04 00 0A 00 0E 00 11 00 15 00 16 00 1E 00 00 00 00 00 00 00 00 00 00 00
CMD 153 OFFSET 0x44a8 FIRST_DWORD 0x00000013 BYTES 13 00 00 00 01 00 00 00 00 00 00 00 00 00 00 00 00 00 00 00 00 00 00 00 00 00 00 00 00 00 00 00
CMD 154 OFFSET 0x44c8 FIRST_DWORD 0x0001004d BYTES 4D 00 01 00 00 00 00 00 00 00 00 00 00 00 00 00 00 00 00 00 00 00 00 00 00 00 00 00 00 00 00 00
CMD 155 OFFSET 0x44e8 FIRST_DWORD 0x0000004e BYTES 4E 00 00 00 00 00 00 00 00 00 00 00 00 00 00 00 00 00 00 00 00 00 00 00 00 00 00 00 00 00 00 00
CMD 156 OFFSET 0x4508 FIRST_DWORD 0x0280004f BYTES 4F 00 80 02 00 00 00 00 00 00 00 00 00 00 00 00 00 00 00 00 00 00 00 00 00 00 00 00 00 00 00 00
CMD 157 OFFSET 0x4528 FIRST_DWORD 0x00ff0019 BYTES 19 00 FF 00 01 00 05 00 00 00 00 00 00 00 00 00 00 00 00 00 00 00 00 00 00 00 00 00 00 00 00 00
CMD 158 OFFSET 0x4548 FIRST_DWORD 0x0290004f BYTES 4F 00 90 02 00 00 00 00 00 00 00 00 00 00 00 00 00 00 00 00 00 00 00 00 00 00 00 00 00 00 00 00
CMD 159 OFFSET 0x4568 FIRST_DWORD 0x00020044 BYTES 44 00 02 00 01 00 18 00 00 00 00 00 00 00 00 00 00 00 00 00 00 00 00 00 00 00 00 00 00 00 00 00
CMD 160 OFFSET 0x4588 FIRST_DWORD 0x00000014 BYTES 14 00 00 00 01 00 00 00 00 00 00 00 00 00 00 00 00 00 00 00 00 00 00 00 00 00 00 00 00 00 00 00
CMD 161 OFFSET 0x45a8 FIRST_DWORD 0x0009004d BYTES 4D 00 09 00 00 00 00 00 00 00 00 00 00 00 00 00 00 00 00 00 00 00 00 00 00 00 00 00 00 00 00 00
CMD 162 OFFSET 0x45c8 FIRST_DWORD 0x00020044 BYTES 44 00 02 00 08 00 00 00 07 00 10 00 13 00 1D 00 20 00 21 00 23 00 00 00 00 00 00 00 00 00 00 00
CMD 163 OFFSET 0x45e8 FIRST_DWORD 0x00000013 BYTES 13 00 00 00 01 00 00 00 00 00 00 00 00 00 00 00 00 00 00 00 00 00 00 00 00 00 00 00 00 00 00 00
CMD 164 OFFSET 0x4608 FIRST_DWORD 0x0005004d BYTES 4D 00 05 00 00 00 00 00 00 00 00 00 00 00 00 00 00 00 00 00 00 00 00 00 00 00 00 00 00 00 00 00
CMD 165 OFFSET 0x4628 FIRST_DWORD 0x00020044 BYTES 44 00 02 00 04 00 24 00 25 00 28 00 19 00 00 00 00 00 00 00 00 00 00 00 00 00 00 00 00 00 00 00
CMD 166 OFFSET 0x4648 FIRST_DWORD 0x00000013 BYTES 13 00 00 00 01 00 00 00 00 00 00 00 00 00 00 00 00 00 00 00 00 00 00 00 00 00 00 00 00 00 00 00
CMD 167 OFFSET 0x4668 FIRST_DWORD 0x0001004d BYTES 4D 00 01 00 00 00 00 00 00 00 00 00 00 00 00 00 00 00 00 00 00 00 00 00 00 00 00 00 00 00 00 00
CMD 168 OFFSET 0x4688 FIRST_DWORD 0x0000004e BYTES 4E 00 00 00 00 00 00 00 00 00 00 00 00 00 00 00 00 00 00 00 00 00 00 00 00 00 00 00 00 00 00 00
CMD 169 OFFSET 0x46a8 FIRST_DWORD 0x0000004e BYTES 4E 00 00 00 00 00 00 00 00 00 00 00 00 00 00 00 00 00 00 00 00 00 00 00 00 00 00 00 00 00 00 00
CMD 170 OFFSET 0x46c8 FIRST_DWORD 0x0000004e BYTES 4E 00 00 00 00 00 00 00 00 00 00 00 00 00 00 00 00 00 00 00 00 00 00 00 00 00 00 00 00 00 00 00
CMD 171 OFFSET 0x46e8 FIRST_DWORD 0x0294004f BYTES 4F 00 94 02 00 00 00 00 00 00 00 00 00 00 00 00 00 00 00 00 00 00 00 00 00 00 00 00 00 00 00 00
CMD 172 OFFSET 0x4708 FIRST_DWORD 0x00ff0019 BYTES 19 00 FF 00 01 00 05 00 00 00 00 00 00 00 00 00 00 00 00 00 00 00 00 00 00 00 00 00 00 00 00 00
CMD 173 OFFSET 0x4728 FIRST_DWORD 0x02a8004f BYTES 4F 00 A8 02 00 00 00 00 00 00 00 00 00 00 00 00 00 00 00 00 00 00 00 00 00 00 00 00 00 00 00 00
CMD 174 OFFSET 0x4748 FIRST_DWORD 0x00ff0019 BYTES 19 00 FF 00 01 00 05 00 00 00 00 00 00 00 00 00 00 00 00 00 00 00 00 00 00 00 00 00 00 00 00 00
CMD 175 OFFSET 0x4768 FIRST_DWORD 0x02ae004f BYTES 4F 00 AE 02 00 00 00 00 00 00 00 00 00 00 00 00 00 00 00 00 00 00 00 00 00 00 00 00 00 00 00 00
CMD 176 OFFSET 0x4788 FIRST_DWORD 0x00020044 BYTES 44 00 02 00 02 00 0D 00 27 00 00 00 00 00 00 00 00 00 00 00 00 00 00 00 00 00 00 00 00 00 00 00
CMD 177 OFFSET 0x47a8 FIRST_DWORD 0x00000013 BYTES 13 00 00 00 01 00 00 00 00 00 00 00 00 00 00 00 00 00 00 00 00 00 00 00 00 00 00 00 00 00 00 00
CMD 178 OFFSET 0x47c8 FIRST_DWORD 0x0001004d BYTES 4D 00 01 00 00 00 00 00 00 00 00 00 00 00 00 00 00 00 00 00 00 00 00 00 00 00 00 00 00 00 00 00
CMD 179 OFFSET 0x47e8 FIRST_DWORD 0x0000004e BYTES 4E 00 00 00 00 00 00 00 00 00 00 00 00 00 00 00 00 00 00 00 00 00 00 00 00 00 00 00 00 00 00 00
CMD 180 OFFSET 0x4808 FIRST_DWORD 0x02bc004f BYTES 4F 00 BC 02 00 00 00 00 00 00 00 00 00 00 00 00 00 00 00 00 00 00 00 00 00 00 00 00 00 00 00 00
CMD 181 OFFSET 0x4828 FIRST_DWORD 0x00ff0019 BYTES 19 00 FF 00 01 00 05 00 00 00 00 00 00 00 00 00 00 00 00 00 00 00 00 00 00 00 00 00 00 00 00 00
CMD 182 OFFSET 0x4848 FIRST_DWORD 0x02d0004f BYTES 4F 00 D0 02 00 00 00 00 00 00 00 00 00 00 00 00 00 00 00 00 00 00 00 00 00 00 00 00 00 00 00 00
CMD 183 OFFSET 0x4868 FIRST_DWORD 0x00ff0019 BYTES 19 00 FF 00 01 00 05 00 00 00 00 00 00 00 00 00 00 00 00 00 00 00 00 00 00 00 00 00 00 00 00 00
CMD 184 OFFSET 0x4888 FIRST_DWORD 0x02e4004f BYTES 4F 00 E4 02 00 00 00 00 00 00 00 00 00 00 00 00 00 00 00 00 00 00 00 00 00 00 00 00 00 00 00 00
CMD 185 OFFSET 0x48a8 FIRST_DWORD 0x00ff0019 BYTES 19 00 FF 00 01 00 05 00 00 00 00 00 00 00 00 00 00 00 00 00 00 00 00 00 00 00 00 00 00 00 00 00
CMD 186 OFFSET 0x48c8 FIRST_DWORD 0x02ee004f BYTES 4F 00 EE 02 00 00 00 00 00 00 00 00 00 00 00 00 00 00 00 00 00 00 00 00 00 00 00 00 00 00 00 00
CMD 187 OFFSET 0x48e8 FIRST_DWORD 0x00500019 BYTES 19 00 50 00 00 00 FA 00 00 00 00 00 00 00 00 00 00 00 00 00 00 00 00 00 00 00 00 00 00 00 00 00
CMD 188 OFFSET 0x4908 FIRST_DWORD 0x02f8004f BYTES 4F 00 F8 02 00 00 00 00 00 00 00 00 00 00 00 00 00 00 00 00 00 00 00 00 00 00 00 00 00 00 00 00
CMD 189 OFFSET 0x4928 FIRST_DWORD 0x00ff0019 BYTES 19 00 FF 00 01 00 05 00 00 00 00 00 00 00 00 00 00 00 00 00 00 00 00 00 00 00 00 00 00 00 00 00
CMD 190 OFFSET 0x4948 FIRST_DWORD 0x030c004f BYTES 4F 00 0C 03 00 00 00 00 00 00 00 00 00 00 00 00 00 00 00 00 00 00 00 00 00 00 00 00 00 00 00 00
CMD 191 OFFSET 0x4968 FIRST_DWORD 0x00ff0019 BYTES 19 00 FF 00 01 00 05 00 00 00 00 00 00 00 00 00 00 00 00 00 00 00 00 00 00 00 00 00 00 00 00 00
CMD 192 OFFSET 0x4988 FIRST_DWORD 0x0320004f BYTES 4F 00 20 03 00 00 00 00 00 00 00 00 00 00 00 00 00 00 00 00 00 00 00 00 00 00 00 00 00 00 00 00
CMD 193 OFFSET 0x49a8 FIRST_DWORD 0x00ff0019 BYTES 19 00 FF 00 01 00 05 00 00 00 00 00 00 00 00 00 00 00 00 00 00 00 00 00 00 00 00 00 00 00 00 00
CMD 194 OFFSET 0x49c8 FIRST_DWORD 0x0334004f BYTES 4F 00 34 03 00 00 00 00 00 00 00 00 00 00 00 00 00 00 00 00 00 00 00 00 00 00 00 00 00 00 00 00
CMD 195 OFFSET 0x49e8 FIRST_DWORD 0x00ff0019 BYTES 19 00 FF 00 01 00 05 00 00 00 00 00 00 00 00 00 00 00 00 00 00 00 00 00 00 00 00 00 00 00 00 00
CMD 196 OFFSET 0x4a08 FIRST_DWORD 0x0348004f BYTES 4F 00 48 03 00 00 00 00 00 00 00 00 00 00 00 00 00 00 00 00 00 00 00 00 00 00 00 00 00 00 00 00
CMD 197 OFFSET 0x4a28 FIRST_DWORD 0x00ff0019 BYTES 19 00 FF 00 01 00 05 00 00 00 00 00 00 00 00 00 00 00 00 00 00 00 00 00 00 00 00 00 00 00 00 00
CMD 198 OFFSET 0x4a48 FIRST_DWORD 0x035c004f BYTES 4F 00 5C 03 00 00 00 00 00 00 00 00 00 00 00 00 00 00 00 00 00 00 00 00 00 00 00 00 00 00 00 00
CMD 199 OFFSET 0x4a68 FIRST_DWORD 0x00ff0019 BYTES 19 00 FF 00 01 00 05 00 00 00 00 00 00 00 00 00 00 00 00 00 00 00 00 00 00 00 00 00 00 00 00 00
CMD 200 OFFSET 0x4a88 FIRST_DWORD 0x0370004f BYTES 4F 00 70 03 00 00 00 00 00 00 00 00 00 00 00 00 00 00 00 00 00 00 00 00 00 00 00 00 00 00 00 00
CMD 201 OFFSET 0x4aa8 FIRST_DWORD 0x00ff0019 BYTES 19 00 FF 00 01 00 05 00 00 00 00 00 00 00 00 00 00 00 00 00 00 00 00 00 00 00 00 00 00 00 00 00
CMD 202 OFFSET 0x4ac8 FIRST_DWORD 0x037f004f BYTES 4F 00 7F 03 00 00 00 00 00 00 00 00 00 00 00 00 00 00 00 00 00 00 00 00 00 00 00 00 00 00 00 00
CMD 203 OFFSET 0x4ae8 FIRST_DWORD 0x00020044 BYTES 44 00 02 00 02 00 0D 00 27 00 00 00 00 00 00 00 00 00 00 00 00 00 00 00 00 00 00 00 00 00 00 00
CMD 204 OFFSET 0x4b08 FIRST_DWORD 0x00000015 BYTES 15 00 00 00 00 00 00 00 00 00 00 00 00 00 00 00 00 00 00 00 00 00 00 00 00 00 00 00 00 00 00 00
CMD 205 OFFSET 0x4b28 FIRST_DWORD 0x0001004d BYTES 4D 00 01 00 00 00 00 00 00 00 00 00 00 00 00 00 00 00 00 00 00 00 00 00 00 00 00 00 00 00 00 00
CMD 206 OFFSET 0x4b48 FIRST_DWORD 0x0000004e BYTES 4E 00 00 00 00 00 00 00 00 00 00 00 00 00 00 00 00 00 00 00 00 00 00 00 00 00 00 00 00 00 00 00
CMD 207 OFFSET 0x4b68 FIRST_DWORD 0x0384004f BYTES 4F 00 84 03 00 00 00 00 00 00 00 00 00 00 00 00 00 00 00 00 00 00 00 00 00 00 00 00 00 00 00 00
CMD 208 OFFSET 0x4b88 FIRST_DWORD 0x00ff0019 BYTES 19 00 FF 00 01 00 05 00 00 00 00 00 00 00 00 00 00 00 00 00 00 00 00 00 00 00 00 00 00 00 00 00
CMD 209 OFFSET 0x4ba8 FIRST_DWORD 0x0398004f BYTES 4F 00 98 03 00 00 00 00 00 00 00 00 00 00 00 00 00 00 00 00 00 00 00 00 00 00 00 00 00 00 00 00
CMD 210 OFFSET 0x4bc8 FIRST_DWORD 0x00ff0019 BYTES 19 00 FF 00 01 00 05 00 00 00 00 00 00 00 00 00 00 00 00 00 00 00 00 00 00 00 00 00 00 00 00 00
CMD 211 OFFSET 0x4be8 FIRST_DWORD 0x039d004f BYTES 4F 00 9D 03 00 00 00 00 00 00 00 00 00 00 00 00 00 00 00 00 00 00 00 00 00 00 00 00 00 00 00 00
CMD 212 OFFSET 0x4c08 FIRST_DWORD 0x00020044 BYTES 44 00 02 00 01 00 18 00 00 00 00 00 00 00 00 00 00 00 00 00 00 00 00 00 00 00 00 00 00 00 00 00
CMD 213 OFFSET 0x4c28 FIRST_DWORD 0x00000015 BYTES 15 00 00 00 00 00 00 00 00 00 00 00 00 00 00 00 00 00 00 00 00 00 00 00 00 00 00 00 00 00 00 00
CMD 214 OFFSET 0x4c48 FIRST_DWORD 0x0009004d BYTES 4D 00 09 00 00 00 00 00 00 00 00 00 00 00 00 00 00 00 00 00 00 00 00 00 00 00 00 00 00 00 00 00
CMD 215 OFFSET 0x4c68 FIRST_DWORD 0x00020044 BYTES 44 00 02 00 08 00 00 00 07 00 10 00 13 00 1D 00 20 00 21 00 23 00 00 00 00 00 00 00 00 00 00 00
CMD 216 OFFSET 0x4c88 FIRST_DWORD 0x00000015 BYTES 15 00 00 00 00 00 00 00 00 00 00 00 00 00 00 00 00 00 00 00 00 00 00 00 00 00 00 00 00 00 00 00
CMD 217 OFFSET 0x4ca8 FIRST_DWORD 0x0005004d BYTES 4D 00 05 00 00 00 00 00 00 00 00 00 00 00 00 00 00 00 00 00 00 00 00 00 00 00 00 00 00 00 00 00
CMD 218 OFFSET 0x4cc8 FIRST_DWORD 0x00020044 BYTES 44 00 02 00 04 00 24 00 25 00 28 00 19 00 00 00 00 00 00 00 00 00 00 00 00 00 00 00 00 00 00 00
CMD 219 OFFSET 0x4ce8 FIRST_DWORD 0x00000015 BYTES 15 00 00 00 00 00 00 00 00 00 00 00 00 00 00 00 00 00 00 00 00 00 00 00 00 00 00 00 00 00 00 00
CMD 220 OFFSET 0x4d08 FIRST_DWORD 0x0001004d BYTES 4D 00 01 00 00 00 00 00 00 00 00 00 00 00 00 00 00 00 00 00 00 00 00 00 00 00 00 00 00 00 00 00
CMD 221 OFFSET 0x4d28 FIRST_DWORD 0x0000004e BYTES 4E 00 00 00 00 00 00 00 00 00 00 00 00 00 00 00 00 00 00 00 00 00 00 00 00 00 00 00 00 00 00 00
CMD 222 OFFSET 0x4d48 FIRST_DWORD 0x0000004e BYTES 4E 00 00 00 00 00 00 00 00 00 00 00 00 00 00 00 00 00 00 00 00 00 00 00 00 00 00 00 00 00 00 00
CMD 223 OFFSET 0x4d68 FIRST_DWORD 0x0000004e BYTES 4E 00 00 00 00 00 00 00 00 00 00 00 00 00 00 00 00 00 00 00 00 00 00 00 00 00 00 00 00 00 00 00
CMD 224 OFFSET 0x4d88 FIRST_DWORD 0x03ac004f BYTES 4F 00 AC 03 00 00 00 00 00 00 00 00 00 00 00 00 00 00 00 00 00 00 00 00 00 00 00 00 00 00 00 00
CMD 225 OFFSET 0x4da8 FIRST_DWORD 0x00ff0019 BYTES 19 00 FF 00 01 00 05 00 00 00 00 00 00 00 00 00 00 00 00 00 00 00 00 00 00 00 00 00 00 00 00 00
CMD 226 OFFSET 0x4dc8 FIRST_DWORD 0x03bb004f BYTES 4F 00 BB 03 00 00 00 00 00 00 00 00 00 00 00 00 00 00 00 00 00 00 00 00 00 00 00 00 00 00 00 00
CMD 227 OFFSET 0x4de8 FIRST_DWORD 0x00020044 BYTES 44 00 02 00 08 00 01 00 04 00 0A 00 0E 00 11 00 15 00 16 00 1E 00 00 00 00 00 00 00 00 00 00 00
CMD 228 OFFSET 0x4e08 FIRST_DWORD 0x00000015 BYTES 15 00 00 00 00 00 00 00 00 00 00 00 00 00 00 00 00 00 00 00 00 00 00 00 00 00 00 00 00 00 00 00
CMD 229 OFFSET 0x4e28 FIRST_DWORD 0x0001004d BYTES 4D 00 01 00 00 00 00 00 00 00 00 00 00 00 00 00 00 00 00 00 00 00 00 00 00 00 00 00 00 00 00 00
CMD 230 OFFSET 0x4e48 FIRST_DWORD 0x0000004e BYTES 4E 00 00 00 00 00 00 00 00 00 00 00 00 00 00 00 00 00 00 00 00 00 00 00 00 00 00 00 00 00 00 00
CMD 231 OFFSET 0x4e68 FIRST_DWORD 0x03c0004f BYTES 4F 00 C0 03 00 00 00 00 00 00 00 00 00 00 00 00 00 00 00 00 00 00 00 00 00 00 00 00 00 00 00 00
CMD 232 OFFSET 0x4e88 FIRST_DWORD 0x00ff0019 BYTES 19 00 FF 00 01 00 05 00 00 00 00 00 00 00 00 00 00 00 00 00 00 00 00 00 00 00 00 00 00 00 00 00
CMD 233 OFFSET 0x4ea8 FIRST_DWORD 0x03d4004f BYTES 4F 00 D4 03 00 00 00 00 00 00 00 00 00 00 00 00 00 00 00 00 00 00 00 00 00 00 00 00 00 00 00 00
CMD 234 OFFSET 0x4ec8 FIRST_DWORD 0x00ff0019 BYTES 19 00 FF 00 01 00 05 00 00 00 00 00 00 00 00 00 00 00 00 00 00 00 00 00 00 00 00 00 00 00 00 00
CMD 235 OFFSET 0x4ee8 FIRST_DWORD 0x03d9004f BYTES 4F 00 D9 03 00 00 00 00 00 00 00 00 00 00 00 00 00 00 00 00 00 00 00 00 00 00 00 00 00 00 00 00
CMD 236 OFFSET 0x4f08 FIRST_DWORD 0x00020044 BYTES 44 00 02 00 08 00 02 00 03 00 05 00 06 00 08 00 09 00 0C 00 0F 00 00 00 00 00 00 00 00 00 00 00
CMD 237 OFFSET 0x4f28 FIRST_DWORD 0x00000015 BYTES 15 00 00 00 00 00 00 00 00 00 00 00 00 00 00 00 00 00 00 00 00 00 00 00 00 00 00 00 00 00 00 00
CMD 238 OFFSET 0x4f48 FIRST_DWORD 0x0005004d BYTES 4D 00 05 00 00 00 00 00 00 00 00 00 00 00 00 00 00 00 00 00 00 00 00 00 00 00 00 00 00 00 00 00
CMD 239 OFFSET 0x4f68 FIRST_DWORD 0x00020044 BYTES 44 00 02 00 05 00 12 00 14 00 17 00 1A 00 22 00 00 00 00 00 00 00 00 00 00 00 00 00 00 00 00 00
CMD 240 OFFSET 0x4f88 FIRST_DWORD 0x00000015 BYTES 15 00 00 00 00 00 00 00 00 00 00 00 00 00 00 00 00 00 00 00 00 00 00 00 00 00 00 00 00 00 00 00
CMD 241 OFFSET 0x4fa8 FIRST_DWORD 0x0001004d BYTES 4D 00 01 00 00 00 00 00 00 00 00 00 00 00 00 00 00 00 00 00 00 00 00 00 00 00 00 00 00 00 00 00
CMD 242 OFFSET 0x4fc8 FIRST_DWORD 0x0000004e BYTES 4E 00 00 00 00 00 00 00 00 00 00 00 00 00 00 00 00 00 00 00 00 00 00 00 00 00 00 00 00 00 00 00
CMD 243 OFFSET 0x4fe8 FIRST_DWORD 0x0000004e BYTES 4E 00 00 00 00 00 00 00 00 00 00 00 00 00 00 00 00 00 00 00 00 00 00 00 00 00 00 00 00 00 00 00
CMD 244 OFFSET 0x5008 FIRST_DWORD 0x03e8004f BYTES 4F 00 E8 03 00 00 00 00 00 00 00 00 00 00 00 00 00 00 00 00 00 00 00 00 00 00 00 00 00 00 00 00
CMD 245 OFFSET 0x5028 FIRST_DWORD 0x00500019 BYTES 19 00 50 00 00 00 FA 00 00 00 00 00 00 00 00 00 00 00 00 00 00 00 00 00 00 00 00 00 00 00 00 00
CMD 246 OFFSET 0x5048 FIRST_DWORD 0x00ff0019 BYTES 19 00 FF 00 01 00 05 00 00 00 00 00 00 00 00 00 00 00 00 00 00 00 00 00 00 00 00 00 00 00 00 00
CMD 247 OFFSET 0x5068 FIRST_DWORD 0x03fc004f BYTES 4F 00 FC 03 00 00 00 00 00 00 00 00 00 00 00 00 00 00 00 00 00 00 00 00 00 00 00 00 00 00 00 00
CMD 248 OFFSET 0x5088 FIRST_DWORD 0x00ff0019 BYTES 19 00 FF 00 01 00 05 00 00 00 00 00 00 00 00 00 00 00 00 00 00 00 00 00 00 00 00 00 00 00 00 00
CMD 249 OFFSET 0x50a8 FIRST_DWORD 0x0410004f BYTES 4F 00 10 04 00 00 00 00 00 00 00 00 00 00 00 00 00 00 00 00 00 00 00 00 00 00 00 00 00 00 00 00
CMD 250 OFFSET 0x50c8 FIRST_DWORD 0x00ff0019 BYTES 19 00 FF 00 01 00 05 00 00 00 00 00 00 00 00 00 00 00 00 00 00 00 00 00 00 00 00 00 00 00 00 00
CMD 251 OFFSET 0x50e8 FIRST_DWORD 0x0415004f BYTES 4F 00 15 04 00 00 00 00 00 00 00 00 00 00 00 00 00 00 00 00 00 00 00 00 00 00 00 00 00 00 00 00
CMD 252 OFFSET 0x5108 FIRST_DWORD 0x00020044 BYTES 44 00 02 00 05 00 0B 00 1C 00 1F 00 26 00 1B 00 00 00 00 00 00 00 00 00 00 00 00 00 00 00 00 00
CMD 253 OFFSET 0x5128 FIRST_DWORD 0x00000015 BYTES 15 00 00 00 00 00 00 00 00 00 00 00 00 00 00 00 00 00 00 00 00 00 00 00 00 00 00 00 00 00 00 00
CMD 254 OFFSET 0x5148 FIRST_DWORD 0x0001004d BYTES 4D 00 01 00 00 00 00 00 00 00 00 00 00 00 00 00 00 00 00 00 00 00 00 00 00 00 00 00 00 00 00 00
CMD 255 OFFSET 0x5168 FIRST_DWORD 0x0000004e BYTES 4E 00 00 00 00 00 00 00 00 00 00 00 00 00 00 00 00 00 00 00 00 00 00 00 00 00 00 00 00 00 00 00
CMD 256 OFFSET 0x5188 FIRST_DWORD 0x0424004f BYTES 4F 00 24 04 00 00 00 00 00 00 00 00 00 00 00 00 00 00 00 00 00 00 00 00 00 00 00 00 00 00 00 00
CMD 257 OFFSET 0x51a8 FIRST_DWORD 0x00ff0019 BYTES 19 00 FF 00 01 00 05 00 00 00 00 00 00 00 00 00 00 00 00 00 00 00 00 00 00 00 00 00 00 00 00 00
CMD 258 OFFSET 0x51c8 FIRST_DWORD 0x0438004f BYTES 4F 00 38 04 00 00 00 00 00 00 00 00 00 00 00 00 00 00 00 00 00 00 00 00 00 00 00 00 00 00 00 00
CMD 259 OFFSET 0x51e8 FIRST_DWORD 0x00ff0019 BYTES 19 00 FF 00 01 00 05 00 00 00 00 00 00 00 00 00 00 00 00 00 00 00 00 00 00 00 00 00 00 00 00 00
CMD 260 OFFSET 0x5208 FIRST_DWORD 0x0449004f BYTES 4F 00 49 04 00 00 00 00 00 00 00 00 00 00 00 00 00 00 00 00 00 00 00 00 00 00 00 00 00 00 00 00
CMD 261 OFFSET 0x5228 FIRST_DWORD 0x004a0011 BYTES 11 00 4A 00 00 00 00 00 00 00 00 00 00 00 00 00 00 00 00 00 00 00 00 00 00 00 00 00 00 00 00 00
CMD 262 OFFSET 0x5248 FIRST_DWORD 0x044c004f BYTES 4F 00 4C 04 00 00 00 00 00 00 00 00 00 00 00 00 00 00 00 00 00 00 00 00 00 00 00 00 00 00 00 00
CMD 263 OFFSET 0x5268 FIRST_DWORD 0x00ff0019 BYTES 19 00 FF 00 01 00 05 00 00 00 00 00 00 00 00 00 00 00 00 00 00 00 00 00 00 00 00 00 00 00 00 00
CMD 264 OFFSET 0x5288 FIRST_DWORD 0x0460004f BYTES 4F 00 60 04 00 00 00 00 00 00 00 00 00 00 00 00 00 00 00 00 00 00 00 00 00 00 00 00 00 00 00 00
CMD 265 OFFSET 0x52a8 FIRST_DWORD 0x00ff0019 BYTES 19 00 FF 00 01 00 05 00 00 00 00 00 00 00 00 00 00 00 00 00 00 00 00 00 00 00 00 00 00 00 00 00
CMD 266 OFFSET 0x52c8 FIRST_DWORD 0x047e004f BYTES 4F 00 7E 04 00 00 00 00 00 00 00 00 00 00 00 00 00 00 00 00 00 00 00 00 00 00 00 00 00 00 00 00
CMD 267 OFFSET 0x52e8 FIRST_DWORD 0x00ff0019 BYTES 19 00 FF 00 01 00 0A 00 00 00 00 00 00 00 00 00 00 00 00 00 00 00 00 00 00 00 00 00 00 00 00 00
CMD 268 OFFSET 0x5308 FIRST_DWORD 0x00010033 BYTES 33 00 01 00 00 00 00 00 00 00 00 00 00 00 00 00 00 00 00 00 00 00 00 00 00 00 00 00 00 00 00 00
CMD 269 OFFSET 0x5328 FIRST_DWORD 0x0488004f BYTES 4F 00 88 04 00 00 00 00 00 00 00 00 00 00 00 00 00 00 00 00 00 00 00 00 00 00 00 00 00 00 00 00
CMD 270 OFFSET 0x5348 FIRST_DWORD 0x00000015 BYTES 15 00 00 00 00 00 00 00 00 00 00 00 00 00 00 00 00 00 00 00 00 00 00 00 00 00 00 00 00 00 00 00
CMD 271 OFFSET 0x5368 FIRST_DWORD 0x0489004f BYTES 4F 00 89 04 00 00 00 00 00 00 00 00 00 00 00 00 00 00 00 00 00 00 00 00 00 00 00 00 00 00 00 00
CMD 272 OFFSET 0x5388 FIRST_DWORD 0x00000000 BYTES 00 00 00 00 30 11 00 00 F2 03 00 00 E8 09 FF FF 00 00 00 00 00 00 00 00 00 00 00 00 00 00 00 00
CMD 273 OFFSET 0x53a8 FIRST_DWORD 0x00040022 BYTES 22 00 04 00 00 00 00 00 00 00 00 00 00 00 00 00 00 00 00 00 00 00 00 00 00 00 00 00 00 00 00 00
CMD 274 OFFSET 0x53c8 FIRST_DWORD 0x00000033 BYTES 33 00 00 00 00 00 00 00 00 00 00 00 00 00 00 00 00 00 00 00 00 00 00 00 00 00 00 00 00 00 00 00
CMD 275 OFFSET 0x53e8 FIRST_DWORD 0x00000027 BYTES 27 00 00 00 18 00 08 12 CE 00 6E 0B B4 00 16 00 54 00 00 00 01 00 00 00 00 00 00 00 00 00 00 00
CMD 276 OFFSET 0x5408 FIRST_DWORD 0x0000002e BYTES 2E 00 00 00 18 00 07 00 00 00 02 00 00 00 00 00 00 00 00 00 00 00 00 00 00 00 00 00 00 00 00 00
CMD 277 OFFSET 0x5428 FIRST_DWORD 0x00030044 BYTES 44 00 03 00 01 00 18 00 00 00 00 00 00 00 00 00 00 00 00 00 00 00 00 00 00 00 00 00 00 00 00 00
CMD 278 OFFSET 0x5448 FIRST_DWORD 0x00010027 BYTES 27 00 01 00 07 00 0B 13 D5 00 3F 0C B4 00 07 00 54 00 08 00 01 00 00 00 00 00 00 00 00 00 00 00
CMD 279 OFFSET 0x5468 FIRST_DWORD 0x0001002e BYTES 2E 00 01 00 18 00 07 00 00 00 03 00 00 00 00 00 00 00 00 00 00 00 00 00 00 00 00 00 00 00 00 00
CMD 280 OFFSET 0x5488 FIRST_DWORD 0x0004004d BYTES 4D 00 04 00 00 00 00 00 00 00 00 00 00 00 00 00 00 00 00 00 00 00 00 00 00 00 00 00 00 00 00 00
CMD 281 OFFSET 0x54a8 FIRST_DWORD 0x00010029 BYTES 29 00 01 00 0B 13 D5 00 3F 0C B4 00 00 00 00 00 00 00 00 00 00 00 00 00 00 00 00 00 00 00 00 00
CMD 282 OFFSET 0x54c8 FIRST_DWORD 0x0001002b BYTES 2B 00 01 00 10 00 54 00 00 00 01 00 00 00 00 00 00 00 00 00 00 00 00 00 00 00 00 00 00 00 00 00
CMD 283 OFFSET 0x54e8 FIRST_DWORD 0x0001002e BYTES 2E 00 01 00 18 00 07 00 08 00 0A 00 00 00 00 00 00 00 00 00 00 00 00 00 00 00 00 00 00 00 00 00
CMD 284 OFFSET 0x5508 FIRST_DWORD 0x0000004e BYTES 4E 00 00 00 00 00 00 00 00 00 00 00 00 00 00 00 00 00 00 00 00 00 00 00 00 00 00 00 00 00 00 00
CMD 285 OFFSET 0x5528 FIRST_DWORD 0x00020033 BYTES 33 00 02 00 00 00 00 00 00 00 00 00 00 00 00 00 00 00 00 00 00 00 00 00 00 00 00 00 00 00 00 00
CMD 286 OFFSET 0x5548 FIRST_DWORD 0x00020027 BYTES 27 00 02 00 11 01 B5 12 00 00 37 0E B4 00 10 00 54 00 00 00 01 00 00 00 00 00 00 00 00 00 00 00
CMD 287 OFFSET 0x5568 FIRST_DWORD 0x0002002e BYTES 2E 00 02 00 18 00 07 00 00 00 00 00 00 00 00 00 00 00 00 00 00 00 00 00 00 00 00 00 00 00 00 00
CMD 288 OFFSET 0x5588 FIRST_DWORD 0x00030033 BYTES 33 00 03 00 00 00 00 00 00 00 00 00 00 00 00 00 00 00 00 00 00 00 00 00 00 00 00 00 00 00 00 00
CMD 289 OFFSET 0x55a8 FIRST_DWORD 0x00030027 BYTES 27 00 03 00 14 01 CC 11 00 00 38 10 B4 00 14 00 54 00 05 00 01 00 00 00 00 00 00 00 00 00 00 00
CMD 290 OFFSET 0x55c8 FIRST_DWORD 0x0003002e BYTES 2E 00 03 00 18 00 07 00 05 00 01 00 00 00 00 00 00 00 00 00 00 00 00 00 00 00 00 00 00 00 00 00
CMD 291 OFFSET 0x55e8 FIRST_DWORD 0x00040033 BYTES 33 00 04 00 00 00 00 00 00 00 00 00 00 00 00 00 00 00 00 00 00 00 00 00 00 00 00 00 00 00 00 00
CMD 292 OFFSET 0x5608 FIRST_DWORD 0x00040027 BYTES 27 00 04 00 11 01 9A 13 00 00 E3 0F B4 00 11 00 54 00 08 00 01 00 00 00 00 00 00 00 00 00 00 00
CMD 293 OFFSET 0x5628 FIRST_DWORD 0x0004002e BYTES 2E 00 04 00 18 00 07 00 08 00 01 00 00 00 00 00 00 00 00 00 00 00 00 00 00 00 00 00 00 00 00 00
CMD 294 OFFSET 0x5648 FIRST_DWORD 0x00050033 BYTES 33 00 05 00 00 00 00 00 00 00 00 00 00 00 00 00 00 00 00 00 00 00 00 00 00 00 00 00 00 00 00 00
CMD 295 OFFSET 0x5668 FIRST_DWORD 0x00050027 BYTES 27 00 05 00 11 01 42 13 00 00 AF 11 B4 00 10 00 54 00 06 00 01 00 00 00 00 00 00 00 00 00 00 00
CMD 296 OFFSET 0x5688 FIRST_DWORD 0x0005002e BYTES 2E 00 05 00 18 00 07 00 06 00 00 00 00 00 00 00 00 00 00 00 00 00 00 00 00 00 00 00 00 00 00 00
CMD 297 OFFSET 0x56a8 FIRST_DWORD 0x00060033 BYTES 33 00 06 00 00 00 00 00 00 00 00 00 00 00 00 00 00 00 00 00 00 00 00 00 00 00 00 00 00 00 00 00
CMD 298 OFFSET 0x56c8 FIRST_DWORD 0x00060027 BYTES 27 00 06 00 14 01 2F 12 00 00 0E 13 B4 00 14 00 54 00 0A 00 01 00 00 00 00 00 00 00 00 00 00 00
CMD 299 OFFSET 0x56e8 FIRST_DWORD 0x0006002e BYTES 2E 00 06 00 18 00 07 00 0A 00 01 00 00 00 00 00 00 00 00 00 00 00 00 00 00 00 00 00 00 00 00 00
CMD 300 OFFSET 0x5708 FIRST_DWORD 0x00070033 BYTES 33 00 07 00 00 00 00 00 00 00 00 00 00 00 00 00 00 00 00 00 00 00 00 00 00 00 00 00 00 00 00 00
CMD 301 OFFSET 0x5728 FIRST_DWORD 0x00070027 BYTES 27 00 07 00 11 01 B0 13 00 00 67 14 B4 00 12 00 54 00 08 00 01 00 00 00 00 00 00 00 00 00 00 00
CMD 302 OFFSET 0x5748 FIRST_DWORD 0x0007002e BYTES 2E 00 07 00 18 00 07 00 08 00 01 00 00 00 00 00 00 00 00 00 00 00 00 00 00 00 00 00 00 00 00 00
CMD 303 OFFSET 0x5768 FIRST_DWORD 0x00080033 BYTES 33 00 08 00 00 00 00 00 00 00 00 00 00 00 00 00 00 00 00 00 00 00 00 00 00 00 00 00 00 00 00 00
CMD 304 OFFSET 0x5788 FIRST_DWORD 0x00080027 BYTES 27 00 08 00 11 01 8C 12 00 00 B9 15 B4 00 11 00 54 00 0F 00 01 00 00 00 00 00 00 00 00 00 00 00
CMD 305 OFFSET 0x57a8 FIRST_DWORD 0x0008002e BYTES 2E 00 08 00 18 00 07 00 0F 00 00 00 00 00 00 00 00 00 00 00 00 00 00 00 00 00 00 00 00 00 00 00
CMD 306 OFFSET 0x57c8 FIRST_DWORD 0x00090033 BYTES 33 00 09 00 00 00 00 00 00 00 00 00 00 00 00 00 00 00 00 00 00 00 00 00 00 00 00 00 00 00 00 00
CMD 307 OFFSET 0x57e8 FIRST_DWORD 0x00090027 BYTES 27 00 09 00 14 01 F4 13 00 00 29 17 B4 00 15 00 54 00 0C 00 01 00 00 00 00 00 00 00 00 00 00 00
CMD 308 OFFSET 0x5808 FIRST_DWORD 0x0009002e BYTES 2E 00 09 00 18 00 07 00 0C 00 01 00 00 00 00 00 00 00 00 00 00 00 00 00 00 00 00 00 00 00 00 00
CMD 309 OFFSET 0x5828 FIRST_DWORD 0x000a0033 BYTES 33 00 0A 00 00 00 00 00 00 00 00 00 00 00 00 00 00 00 00 00 00 00 00 00 00 00 00 00 00 00 00 00
CMD 310 OFFSET 0x5848 FIRST_DWORD 0x000a0027 BYTES 27 00 0A 00 11 01 21 12 00 00 34 18 B4 00 12 00 54 00 15 00 01 00 00 00 00 00 00 00 00 00 00 00
CMD 311 OFFSET 0x5868 FIRST_DWORD 0x000a002e BYTES 2E 00 0A 00 18 00 07 00 15 00 01 00 00 00 00 00 00 00 00 00 00 00 00 00 00 00 00 00 00 00 00 00
CMD 312 OFFSET 0x5888 FIRST_DWORD 0x049c004f BYTES 4F 00 9C 04 00 00 00 00 00 00 00 00 00 00 00 00 00 00 00 00 00 00 00 00 00 00 00 00 00 00 00 00
CMD 313 OFFSET 0x58a8 FIRST_DWORD 0x00ff0019 BYTES 19 00 FF 00 01 00 0A 00 00 00 00 00 00 00 00 00 00 00 00 00 00 00 00 00 00 00 00 00 00 00 00 00
CMD 314 OFFSET 0x58c8 FIRST_DWORD 0x04ba004f BYTES 4F 00 BA 04 00 00 00 00 00 00 00 00 00 00 00 00 00 00 00 00 00 00 00 00 00 00 00 00 00 00 00 00
CMD 315 OFFSET 0x58e8 FIRST_DWORD 0x00ff0019 BYTES 19 00 FF 00 01 00 0A 00 00 00 00 00 00 00 00 00 00 00 00 00 00 00 00 00 00 00 00 00 00 00 00 00
CMD 316 OFFSET 0x5908 FIRST_DWORD 0x04d8004f BYTES 4F 00 D8 04 00 00 00 00 00 00 00 00 00 00 00 00 00 00 00 00 00 00 00 00 00 00 00 00 00 00 00 00
CMD 317 OFFSET 0x5928 FIRST_DWORD 0x00ff0019 BYTES 19 00 FF 00 01 00 0A 00 00 00 00 00 00 00 00 00 00 00 00 00 00 00 00 00 00 00 00 00 00 00 00 00
CMD 318 OFFSET 0x5948 FIRST_DWORD 0x04e2004f BYTES 4F 00 E2 04 00 00 00 00 00 00 00 00 00 00 00 00 00 00 00 00 00 00 00 00 00 00 00 00 00 00 00 00
CMD 319 OFFSET 0x5968 FIRST_DWORD 0x00500019 BYTES 19 00 50 00 00 00 F0 00 00 00 00 00 00 00 00 00 00 00 00 00 00 00 00 00 00 00 00 00 00 00 00 00
CMD 320 OFFSET 0x5988 FIRST_DWORD 0x04f6004f BYTES 4F 00 F6 04 00 00 00 00 00 00 00 00 00 00 00 00 00 00 00 00 00 00 00 00 00 00 00 00 00 00 00 00
CMD 321 OFFSET 0x59a8 FIRST_DWORD 0x00ff0019 BYTES 19 00 FF 00 01 00 0A 00 00 00 00 00 00 00 00 00 00 00 00 00 00 00 00 00 00 00 00 00 00 00 00 00
CMD 322 OFFSET 0x59c8 FIRST_DWORD 0x0514004f BYTES 4F 00 14 05 00 00 00 00 00 00 00 00 00 00 00 00 00 00 00 00 00 00 00 00 00 00 00 00 00 00 00 00
CMD 323 OFFSET 0x59e8 FIRST_DWORD 0x00ff0019 BYTES 19 00 FF 00 01 00 0A 00 00 00 00 00 00 00 00 00 00 00 00 00 00 00 00 00 00 00 00 00 00 00 00 00
CMD 324 OFFSET 0x5a08 FIRST_DWORD 0x0532004f BYTES 4F 00 32 05 00 00 00 00 00 00 00 00 00 00 00 00 00 00 00 00 00 00 00 00 00 00 00 00 00 00 00 00
CMD 325 OFFSET 0x5a28 FIRST_DWORD 0x00ff0019 BYTES 19 00 FF 00 01 00 0A 00 00 00 00 00 00 00 00 00 00 00 00 00 00 00 00 00 00 00 00 00 00 00 00 00
CMD 326 OFFSET 0x5a48 FIRST_DWORD 0x0546004f BYTES 4F 00 46 05 00 00 00 00 00 00 00 00 00 00 00 00 00 00 00 00 00 00 00 00 00 00 00 00 00 00 00 00
CMD 327 OFFSET 0x5a68 FIRST_DWORD 0x00000043 BYTES 43 00 00 00 28 00 00 00 00 00 00 00 00 00 00 00 00 00 00 00 00 00 00 00 00 00 00 00 00 00 00 00
CMD 328 OFFSET 0x5a88 FIRST_DWORD 0x0001003d BYTES 3D 00 01 00 00 00 23 00 00 00 00 00 00 00 00 00 00 00 00 00 00 00 00 00 00 00 00 00 00 00 00 00
CMD 329 OFFSET 0x5aa8 FIRST_DWORD 0x0550004f BYTES 4F 00 50 05 00 00 00 00 00 00 00 00 00 00 00 00 00 00 00 00 00 00 00 00 00 00 00 00 00 00 00 00
CMD 330 OFFSET 0x5ac8 FIRST_DWORD 0x00ff0019 BYTES 19 00 FF 00 01 00 0A 00 00 00 00 00 00 00 00 00 00 00 00 00 00 00 00 00 00 00 00 00 00 00 00 00
CMD 331 OFFSET 0x5ae8 FIRST_DWORD 0x056e004f BYTES 4F 00 6E 05 00 00 00 00 00 00 00 00 00 00 00 00 00 00 00 00 00 00 00 00 00 00 00 00 00 00 00 00
SENTINEL OFFSET 0x5B0C BYTES FF FF 00 00
